0 0.000
1 5.000
2 10.625
3 16.938
4 24.000
5 31.938
6 40.812
7 50.750
8 61.875
9 74.375
10 88.438
11 104.250
12 122.000
13 141.938
14 164.312
15 189.438
16 217.688
17 249.438
18 285.125
19 325.250
20 370.375
21 421.125
22 478.188
23 542.375
24 614.562
25 695.750
26 787.062
27 889.750
28 1005.250
29 1135.190
30 1281.310
31 1445.690
32 1630.560
33 1838.500
34 2072.380
35 2335.440
36 2631.380
37 2964.250
38 3338.690
39 3759.880
40 4233.690
41 4766.690
42 5366.310
43 6040.880
44 6799.750
45 7653.440
46 8611.940
47 9692.310
48 10907.700
49 12274.900
50 13813.100
51 15543.400
52 17490.100
53 19680.000
54 22143.600
55 24915.200
56 28033.200
57 31540.900
58 35487.100
59 39926.600
60 44920.900
61 50539.400
62 56860.300
63 63971.200
64 100000.000